03,01,01,01,01,01,01,01,01,01,01,01,01,01,01,01,01,01,01,01,01,01,01,01,01,01,01,01,01,01,01,01,01,01,01,01,01,01,01,09
02,00,00,00,00,00,00,00,00,00,00,00,00,00,00,00,00,00,00,00,00,00,00,00,00,00,00,00,00,00,00,00,00,00,00,00,00,00,00,08
02,00,00,00,00,00,00,00,00,00,00,00,00,00,00,00,00,00,00,00,00,00,00,00,00,00,00,00,00,00,00,00,00,00,00,00,00,00,00,08
02,00,00,00,00,00,00,00,00,00,00,00,00,00,00,00,00,00,00,00,00,00,00,00,00,00,00,00,00,00,00,00,00,00,00,00,00,00,00,08
02,00,00,00,00,00,00,00,00,00,00,00,00,00,00,00,00,00,00,00,00,00,00,00,00,00,00,00,00,00,00,00,00,00,00,00,00,00,00,08
02,00,00,00,00,00,00,00,00,00,00,00,00,00,00,00,00,00,00,00,00,00,00,00,00,00,00,00,00,00,00,00,00,00,00,00,00,00,00,08
02,00,00,00,00,00,00,00,00,00,00,00,00,00,00,00,00,00,00,00,00,00,00,00,00,00,00,00,00,00,00,00,00,00,00,00,00,00,00,08
02,00,00,00,00,00,00,00,00,00,00,00,00,00,00,00,00,00,00,00,00,00,00,00,00,00,00,00,00,00,00,00,00,00,00,00,00,00,00,08
02,00,00,00,00,00,00,00,00,00,00,00,00,00,00,00,00,00,00,00,00,00,00,00,00,00,00,00,00,00,00,00,00,00,00,00,00,00,00,08
02,00,00,00,00,00,00,00,00,00,04,04,00,00,04,04,04,04,04,04,04,04,00,00,04,04,04,04,04,04,04,00,00,00,00,00,00,00,00,08
02,00,00,00,00,00,00,00,00,08
02,00,00,00,00,00,00,00,00,08
02,00,00,00,00,00,00,00,00,08
02,00,00,00,00,00,00,00,00,08
02,00,00,00,00,00,00,00,00,08
02,00,00,00,00,00,00,00,00,08
02,00,00,00,00,00,00,00,00,08
02,00,00,00,00,00,00,00,00,08
02,00,00,00,00,00,00,00,00,08
02,00,00,00,00,00,00,00,00,08
02,00,00,00,00,00,00,00,00,08
02,00,00,00,00,00,00,00,00,08
02,00,00,00,00,00,00,00,00,08
02,00,00,00,00,00,00,00,00,08
02,00,00,00,00,00,00,00,00,08
02,00,00,00,00,00,00,00,00,08
02,00,00,00,00,00,00,00,00,08
02,00,00,00,00,00,00,00,00,00
02,00,00,00,00,00,00,00,00,00
02,00,00,00,00,00,00,00,00,08
02,00,00,00,00,00,00,00,00,00,01,01,01,01,01,01,09
02,00,00,00,00,00,00,00,00,00,00,00,00,00,00,00,08
02,00,00,00,00,00,00,00,00,00,00,00,00,00,00,00,08
02,00,00,00,00,00,00,00,00,00,00,00,00,00,00,00,00,01,01,01,00,00,01,01,00,00,00,00,00,00,00,00,00,00,00,00,00,00,00,08
02,00,00,00,00,00,00,00,00,00,00,00,00,00,00,00,00,00,00,00,00,00,00,00,00,00,00,00,00,00,00,00,00,00,00,00,00,00,00,08
02,00,00,00,00,00,00,00,00,00,00,00,00,00,00,00,00,00,00,00,00,00,00,00,00,00,00,00,00,00,00,00,00,00,00,00,00,00,00,08
02,00,00,00,00,00,00,00,00,00,00,00,00,00,00,00,00,00,00,00,00,00,00,00,00,00,00,00,00,00,00,00,00,00,00,00,00,00,00,08
02,00,00,00,00,00,00,00,00,00,00,00,00,00,00,00,00,00,00,00,00,00,00,00,00,00,00,00,00,00,00,00,00,00,00,00,00,00,00,08
02,00,00,00,00,00,00,00,00,00,00,00,00,00,00,00,00,00,00,00,00,00,00,00,00,00,00,00,00,00,00,00,00,00,00,00,00,00,00,08
06,04,04,04,04,04,04,04,04,04,04,04,04,04,04,04,04,04,04,04,04,04,04,04,04,04,04,04,04,04,04,04,04,04,04,04,04,04,04,12